P0,-1,0,1
P0,-1,1,0
P0,1,-1,0
P0,0,0,1
P1,-1,0,1
P1,-1,-1,0
P1,-1,0,1
P1,0,0,1
P2,0,-1,1
P2,-1,0,1
P2,-1,0,0
P2,0,0,1
P3,1,0,1
P3,0,0,1
P3,-1,1,-1
P3,0,0,1
P4,0,0,-1
P4,1,0,-1
P4,0,1,1
P4,0,0,1
P5,1,-1,0
P5,1,0,0
P5,0,0,-1
P5,0,0,1
P6,1,0,0
P6,1,0,0
P6,0,0,-1
P6,0,0,1
P7,1,0,1
P7,1,0,-1
P7,-1,0,0
P7,0,0,1
P8,1,-1,0
P8,1,-1,-1
P8,0,0,1
P8,0,0,1
P9,1,0,0
P9,0,-1,1
P9,1,0,1
P9,0,0,1
P10,0,-1,0
P10,1,0,0
P10,-1,0,0
P10,0,0,0
P11,0,1,-1
P11,0,1,0
P11,1,0,-1
P11,0,0,1
P12,1,0,0
P12,-1,0,0
P12,-1,1,0
P12,0,0,1
P13,-1,-1,-1
P13,-1,0,-1
P13,1,0,0
P13,0,0,1
P14,-1,0,1
P14,1,1,0
P14,1,0,0
P14,0,0,1
P15,0,0,1
P15,0,1,0
P15,1,-1,1
P15,0,0,1
P16,1,1,0
P16,1,0,1
P16,1,0,0
P16,0,0,1
P17,1,0,0
P17,0,-1,1
P17,-1,0,-1
P17,0,0,1
P18,0,0,1
P18,1,-1,0
P18,-1,1,0
P18,0,0,1
P19,1,1,0
P19,0,0,1
P19,1,0,1
P19,0,0,1
P20,-1,0,1
P20,1,0,0
P20,1,0,-1
P20,0,0,1
P21,1,-1,0
P21,0,1,0
P21,1,0,1
P21,0,0,1
P22,-1,-1,0
P22,-1,1,0
P22,0,1,-1
P22,0,0,1
P23,-1,1,0
P23,0,1,0
P23,-1,0,0
P23,0,0,1
P24,-1,0,0
P24,1,0,0
P24,0,1,1
P24,0,0,0
P25,1,0,1
P25,-1,1,0
P25,1,-1,0
P25,0,0,1
P26,0,-1,0
P26,0,1,0
P26,0,1,0
P26,0,0,0
P27,1,-1,0
P27,1,0,0
P27,-1,0,-1
P27,0,0,1
P28,0,-1,0
P28,0,-1,0
P28,-1,0,1
P28,0,0,1
P29,0,-1,0
P29,1,-1,0
P29,0,1,0
P29,0,0,0
P30,-1,1,-1
P30,0,-1,0
P30,1,0,1
P30,0,0,1
P31,1,-1,-1
P31,-1,-1,0
P31,0,1,1
P31,0,0,1
P32,0,-1,0
P32,-1,0,0
P32,-1,-1,1
P32,0,0,1
P33,-1,0,0
P33,0,-1,-1
P33,-1,0,0
P33,0,0,1
P34,1,0,1
P34,0,0,-1
P34,0,0,1
P34,0,0,0
P35,0,0,-1
P35,1,-1,0
P35,-1,-1,0
P35,0,0,1
P36,-1,0,0
P36,-1,-1,-1
P36,0,-1,1
P36,0,0,1
P37,0,1,1
P37,1,0,1
P37,0,-1,0
P37,0,0,1
P38,-1,0,0
P38,-1,0,0
P38,0,1,0
P38,0,0,1
P39,-1,1,0
P39,0,-1,1
P39,-1,0,-1
P39,0,0,1
P40,0,1,0
P40,1,0,0
P40,0,0,1
P40,0,0,1
P41,1,0,0
P41,1,1,0
P41,0,-1,1
P41,0,0,1
P42,0,1,0
P42,0,-1,-1
P42,1,-1,0
P42,0,0,1
P43,1,0,-1
P43,0,-1,0
P43,-1,0,1
P43,0,0,1
P44,1,1,0
P44,-1,0,0
P44,-1,0,-1
P44,0,0,1
P45,0,1,0
P45,1,0,0
P45,-1,0,0
P45,0,0,0
P46,-1,0,0
P46,0,0,1
P46,1,-1,-1
P46,0,0,1
P47,0,0,1
P47,-1,0,-1
P47,1,0,0
P47,0,0,1
P48,0,1,1
P48,1,1,0
P48,1,0,-1
P48,0,0,1
P49,0,-1,0
P49,0,0,1
P49,0,-1,-1
P49,0,0,1
P50,0,0,-1
P50,-1,1,-1
P50,1,0,0
P50,0,0,1
P51,-1,1,0
P51,1,1,0
P51,-1,0,0
P51,0,0,1
P52,1,0,1
P52,0,0,1
P52,1,0,0
P52,0,0,1
P53,1,0,-1
P53,0,-1,1
P53,0,0,1
P53,0,0,1
P54,0,0,1
P54,0,1,-1
P54,1,1,0
P54,0,0,1
P55,0,0,1
P55,0,1,0
P55,1,0,-1
P55,0,0,1
P56,0,0,-1
P56,0,-1,1
P56,0,1,0
P56,0,0,0
P57,0,1,0
P57,0,0,1
P57,1,0,-1
P57,0,0,1
P58,1,-1,0
P58,1,0,0
P58,1,0,1
P58,0,0,1
P59,1,0,0
P59,-1,0,0
P59,-1,1,-1
P59,0,0,0
P60,0,-1,0
P60,-1,0,0
P60,-1,0,-1
P60,0,0,1
P61,0,1,0
P61,0,1,0
P61,0,-1,1
P61,0,0,1
P62,1,0,0
P62,0,1,0
P62,0,1,1
P62,0,0,1
P63,-1,-1,0
P63,0,-1,0
P63,1,0,-1
P63,0,0,1
P64,1,-1,1
P64,0,-1,-1
P64,1,0,1
P64,0,0,1
P65,-1,0,0
P65,1,1,0
P65,0,0,-1
P65,0,0,1
P66,-1,-1,-1
P66,-1,-1,0
P66,-1,0,-1
P66,0,0,1
P67,0,-1,-1
P67,0,1,1
P67,0,-1,1
P67,0,0,1
P68,0,-1,0
P68,0,1,-1
P68,1,0,0
P68,0,0,1
P69,1,1,0
P69,0,1,-1
P69,1,0,0
P69,0,0,1
P70,0,1,0
P70,0,0,-1
P70,0,1,0
P70,0,0,1
P71,1,0,0
P71,1,0,1
P71,0,1,0
P71,0,0,1
P72,0,-1,1
P72,0,1,0
P72,0,1,1
P72,0,0,1
P73,1,0,1
P73,0,1,-1
P73,0,-1,0
P73,0,0,1
P74,1,-1,0
P74,-1,0,0
P74,1,1,1
P74,0,0,1
P75,-1,1,0
P75,1,0,1
P75,1,0,0
P75,0,0,1
P76,0,-1,1
P76,-1,0,1
P76,-1,0,0
P76,0,0,1
P77,1,1,0
P77,1,0,0
P77,-1,0,0
P77,0,0,0
P78,1,0,0
P78,-1,-1,0
P78,-1,-1,0
P78,0,0,1
P79,-1,0,-1
P79,-1,0,-1
P79,0,0,-1
P79,0,0,1
P80,0,1,-1
P80,1,-1,0
P80,-1,0,0
P80,0,0,1
P81,0,1,0
P81,0,-1,-1
P81,0,-1,0
P81,0,0,1
P82,-1,0,1
P82,-1,1,0
P82,1,0,1
P82,0,0,1
P83,0,-1,1
P83,0,0,-1
P83,1,0,0
P83,0,0,1
P84,-1,0,1
P84,-1,1,0
P84,-1,1,0
P84,0,0,1
P85,1,0,-1
P85,0,0,-1
P85,0,-1,1
P85,0,0,1
P86,0,0,-1
P86,0,0,1
P86,1,0,0
P86,0,0,0
P87,0,1,0
P87,1,0,0
P87,1,0,1
P87,0,0,1
P88,0,-1,0
P88,0,0,1
P88,-1,-1,0
P88,0,0,1
P89,-1,1,1
P89,0,0,1
P89,1,0,-1
P89,0,0,1
P90,0,0,-1
P90,1,0,0
P90,0,1,0
P90,0,0,1
P91,1,0,-1
P91,0,0,-1
P91,0,1,0
P91,0,0,1
P92,0,0,1
P92,1,-1,0
P92,1,-1,0
P92,0,0,1
P93,0,-1,0
P93,0,1,1
P93,1,0,-1
P93,0,0,1
P94,0,0,1
P94,0,0,-1
P94,0,0,-1
P94,0,0,0
P95,0,1,-1
P95,1,0,0
P95,1,0,0
P95,0,0,1
P96,1,0,0
P96,0,1,0
P96,0,0,-1
P96,0,0,1
P97,1,1,0
P97,1,0,0
P97,0,1,-1
P97,0,0,1
P98,0,1,1
P98,0,1,-1
P98,1,0,1
P98,0,0,1
P99,-1,0,-1
P99,0,-1,0
P99,1,0,0
P99,0,0,1
P100,0,0,1
P100,0,-1,1
P100,0,0,1
P100,0,0,1
P101,0,0,1
P101,-1,0,0
P101,0,-1,0
P101,0,0,1
P102,0,-1,0
P102,-1,0,1
P102,-1,0,1
P102,0,0,1
P103,0,0,1
P103,-1,0,0
P103,1,0,1
P103,0,0,1
P104,0,-1,-1
P104,0,-1,0
P104,1,1,1
P104,0,0,1
P105,1,0,-1
P105,1,1,0
P105,0,0,-1
P105,0,0,1
P106,0,-1,0
P106,0,1,0
P106,0,0,1
P106,0,0,1
P107,-1,0,0
P107,-1,0,0
P107,1,-1,0
P107,0,0,1
P108,1,1,0
P108,0,-1,0
P108,0,0,1
P108,0,0,1
P109,0,-1,0
P109,0,-1,1
P109,-1,0,1
P109,0,0,1
P110,1,0,-1
P110,0,1,0
P110,0,-1,0
P110,0,0,1
P111,0,-1,0
P111,0,0,1
P111,1,-1,1
P111,0,0,1
P112,0,1,-1
P112,1,0,-1
P112,1,1,0
P112,0,0,1
P113,-1,0,1
P113,1,0,0
P113,1,1,0
P113,0,0,1
P114,-1,1,1
P114,-1,1,-1
P114,-1,0,1
P114,0,0,1
P115,1,0,1
P115,-1,0,0
P115,0,1,0
P115,0,0,1
P116,1,0,0
P116,0,1,0
P116,1,0,0
P116,0,0,1
P117,-1,0,-1
P117,1,1,0
P117,0,1,0
P117,0,0,1
P118,0,-1,0
P118,0,1,0
P118,0,0,-1
P118,0,0,0
P119,1,0,-1
P119,0,1,-1
P119,0,1,0
P119,0,0,1
P120,1,0,0
P120,0,1,1
P120,0,-1,0
P120,0,0,1
P121,0,1,0
P121,0,-1,-1
P121,1,-1,0
P121,0,0,1
P122,-1,0,1
P122,1,0,1
P122,0,0,1
P122,0,0,1
P123,0,1,1
P123,0,1,-1
P123,1,0,1
P123,0,0,1
P124,0,-1,0
P124,0,-1,-1
P124,0,0,-1
P124,0,0,1
P125,1,0,0
P125,-1,-1,0
P125,0,-1,0
P125,0,0,1
P126,0,1,-1
P126,0,0,1
P126,1,-1,0
P126,0,0,1
P127,0,1,0
P127,0,0,1
P127,0,1,0
P127,0,0,1
P128,-1,0,1
P128,1,0,0
P128,0,1,0
P128,0,0,1
P129,1,0,-1
P129,0,0,1
P129,1,1,0
P129,0,0,1
P130,0,-1,0
P130,0,1,1
P130,0,0,1
P130,0,0,1
P131,0,1,1
P131,0,1,0
P131,1,0,0
P131,0,0,1
P132,0,0,-1
P132,0,1,0
P132,1,1,0
P132,0,0,1
P133,-1,0,0
P133,0,0,1
P133,0,0,1
P133,0,0,1
P134,0,-1,-1
P134,1,0,0
P134,1,0,0
P134,0,0,1
P135,0,1,1
P135,-1,-1,0
P135,0,0,1
P135,0,0,1
P136,1,0,1
P136,0,1,-1
P136,1,-1,0
P136,0,0,1
P137,-1,1,0
P137,0,1,1
P137,1,-1,0
P137,0,0,1
P138,-1,0,0
P138,1,1,0
P138,1,0,0
P138,0,0,0
P139,-1,-1,0
P139,1,0,1
P139,0,-1,0
P139,0,0,1
P140,0,0,1
P140,1,0,0
P140,0,0,-1
P140,0,0,0
P141,-1,1,0
P141,-1,0,0
P141,0,0,-1
P141,0,0,1
P142,1,-1,0
P142,0,1,0
P142,0,1,-1
P142,0,0,1
P143,1,0,0
P143,1,0,0
P143,-1,0,0
P143,0,0,0
P144,-1,-1,0
P144,-1,0,0
P144,-1,1,1
P144,0,0,1
P145,1,0,0
P145,0,1,0
P145,0,1,-1
P145,0,0,1
P146,1,0,0
P146,-1,-1,1
P146,0,-1,-1
P146,0,0,1
P147,0,-1,0
P147,0,1,1
P147,0,1,-1
P147,0,0,1
P148,1,0,0
P148,1,1,0
P148,0,0,-1
P148,0,0,1
P149,1,0,1
P149,0,0,1
P149,0,-1,0
P149,0,0,1
P150,1,1,0
P150,0,0,1
P150,1,-1,-1
P150,0,0,1
P151,0,1,1
P151,1,0,0
P151,0,-1,-1
P151,0,0,1
P152,1,-1,0
P152,-1,0,-1
P152,0,0,1
P152,0,0,1
P153,0,-1,0
P153,0,-1,-1
P153,0,0,1
P153,0,0,1
P154,-1,1,0
P154,-1,-1,0
P154,-1,-1,0
P154,0,0,1
P155,0,1,1
P155,0,1,0
P155,-1,0,1
P155,0,0,1
P156,1,0,-1
P156,0,-1,1
P156,1,0,-1
P156,0,0,1
P157,1,0,0
P157,0,1,0
P157,0,-1,0
P157,0,0,1
P158,0,-1,-1
P158,0,-1,0
P158,0,0,1
P158,0,0,1
P159,1,-1,0
P159,0,0,-1
P159,0,1,1
P159,0,0,1
P160,1,0,1
P160,1,0,1
P160,1,0,0
P160,0,0,1
P161,1,0,0
P161,1,-1,0
P161,-1,0,0
P161,0,0,1
P162,0,-1,1
P162,1,0,0
P162,0,0,-1
P162,0,0,1
P163,0,-1,0
P163,-1,1,-1
P163,0,1,0
P163,0,0,0
P164,1,0,0
P164,1,0,1
P164,0,1,1
P164,0,0,1
P165,-1,0,0
P165,-1,0,0
P165,0,-1,0
P165,0,0,1
P166,0,-1,-1
P166,-1,0,0
P166,-1,1,1
P166,0,0,1
P167,-1,0,-1
P167,-1,0,1
P167,0,1,0
P167,0,0,1
P168,-1,1,-1
P168,1,0,1
P168,0,1,-1
P168,0,0,1
P169,1,-1,1
P169,0,1,1
P169,0,-1,1
P169,0,0,1
P170,0,1,0
P170,-1,0,0
P170,0,-1,0
P170,0,0,0
P171,0,0,1
P171,1,0,1
P171,0,0,-1
P171,0,0,0
P172,1,0,0
P172,0,-1,0
P172,0,1,1
P172,0,0,1
P173,0,1,-1
P173,1,0,1
P173,0,-1,1
P173,0,0,1
P174,1,0,0
P174,-1,1,0
P174,1,0,1
P174,0,0,1
P175,-1,-1,0
P175,1,-1,0
P175,1,1,0
P175,0,0,1
P176,0,-1,0
P176,0,1,0
P176,1,0,1
P176,0,0,0
P177,0,1,0
P177,0,1,1
P177,0,-1,0
P177,0,0,1
P178,0,-1,0
P178,0,1,0
P178,1,0,0
P178,0,0,1
P179,1,1,0
P179,0,-1,1
P179,1,0,0
P179,0,0,1
P180,-1,0,0
P180,1,0,0
P180,1,0,0
P180,0,0,0
P181,-1,-1,-1
P181,0,0,1
P181,1,-1,0
P181,0,0,1
P182,-1,0,0
P182,0,1,0
P182,0,0,-1
P182,0,0,1
P183,0,1,0
P183,0,-1,1
P183,1,0,1
P183,0,0,1
P184,-1,0,-1
P184,-1,0,0
P184,-1,-1,0
P184,0,0,1
P185,0,0,-1
P185,-1,1,1
P185,0,0,1
P185,0,0,1
P186,1,0,0
P186,0,0,1
P186,0,-1,0
P186,0,0,1
P187,0,1,1
P187,0,-1,-1
P187,0,-1,0
P187,0,0,1
P188,0,1,1
P188,0,-1,0
P188,0,0,-1
P188,0,0,1
P189,0,0,1
P189,1,1,0
P189,1,-1,0
P189,0,0,1
P190,0,-1,0
P190,-1,1,0
P190,0,0,1
P190,0,0,1
P191,-1,0,0
P191,-1,1,1
P191,0,-1,0
P191,0,0,1
P192,0,1,0
P192,-1,0,0
P192,0,1,0
P192,0,0,1
P193,0,1,1
P193,0,-1,-1
P193,1,0,0
P193,0,0,1
P194,1,0,1
P194,-1,0,1
P194,0,-1,-1
P194,0,0,1
P195,1,1,0
P195,1,0,0
P195,-1,0,1
P195,0,0,1
P196,0,0,-1
P196,1,0,0
P196,0,0,-1
P196,0,0,1
P197,1,0,0
P197,-1,0,0
P197,-1,0,0
P197,0,0,0
P198,0,0,-1
P198,-1,0,1
P198,0,1,1
P198,0,0,1
P199,1,1,-1
P199,-1,0,0
P199,1,0,-1
P199,0,0,1
